<?xml version="1.0"?>
<opencv_storage>
<mean type_id="opencv-matrix">
  <rows>1</rows>
  <cols>22</cols>
  <dt>f</dt>
  <data>
    2.61315979e+002 3.39530121e+002 3.38323578e+002 2.64509949e+002
    3.71873871e+002 2.28286179e+002 3.65018982e+002 1.37049393e+002
    2.97636841e+002 1.61215729e+002 1.47975998e+002 3.44918976e+002
    1.35990768e+002 3.71727356e+002 2.10161179e+002 4.61913483e+002
    2.42058350e+002 4.53427124e+002 4.48235474e+002 3.02600220e+002
    4.81409271e+002 2.34821671e+002</data></mean>
<eigenvectors type_id="opencv-matrix">
  <rows>7</rows>
  <cols>22</cols>
  <dt>f</dt>
  <data>
    2.72558592e-002 9.97654628e-003 3.32783163e-003 5.16798683e-002
    -1.23952907e-002 -2.73200916e-003 -5.22472501e-001 -1.84985518e-001
    -3.13847572e-001 1.59935415e-001 -5.73480269e-003 -3.59904394e-002
    3.17913383e-001 -1.83735460e-001 4.64237528e-003 -2.11294428e-001
    -1.13981709e-001 4.61698100e-002 8.94441456e-002 6.82916790e-002
    5.25849581e-001 2.82683432e-001 -1.67687327e-001 8.82548764e-002
    2.29417399e-001 -7.39315599e-002 3.17615837e-001 -1.69639185e-001
    1.52375931e-002 3.87654901e-001 -1.19591966e-001 1.14838958e-001
    -4.24219161e-001 -4.78794090e-002 3.85955423e-001 -9.32829827e-002
    1.30464315e-001 6.33945614e-002 -3.54163498e-001 6.50842637e-002
    1.31206214e-001 -8.43266919e-002 -1.44235015e-001 -2.50168353e-001
    -5.25455624e-002 -9.99270901e-002 9.60649848e-002 -1.48676947e-001
    1.50329143e-001 -1.08914785e-001 -8.88950303e-002 -2.47148380e-001
    -4.11059931e-002 -1.73382327e-001 -1.51802838e-001 -1.11406378e-001
    1.22742780e-001 9.67746973e-002 2.84848660e-001 4.86109853e-001
    3.54044400e-002 -3.71511817e-001 -1.88636497e-001 2.65055984e-001
    -1.66405052e-001 4.13028210e-001 7.29687139e-002 -9.77198873e-003
    5.68651222e-002 1.60879776e-001 2.43970826e-002 1.44219890e-001
    -1.59967005e-001 6.50496781e-002 -2.61835027e-002 2.48903126e-001
    2.80613542e-001 -3.22667867e-001 -3.66796292e-002 -1.46211209e-002
    -3.18544090e-001 5.45031309e-001 -1.19010851e-001 -3.26947182e-001
    1.18128397e-001 -2.76876897e-001 1.07411869e-001 -2.13198617e-001
    1.78635955e-001 -1.40632465e-001 1.59152150e-001 -9.41299126e-002
    2.30975330e-001 -1.23246364e-001 -2.21272677e-001 3.86135668e-001
    -4.07718241e-001 -8.80888179e-002 9.63228643e-002 -1.19644471e-001
    -4.40865517e-001 -1.37977712e-002 -2.31881738e-002 -9.53208655e-002
    2.55709708e-001 -1.62543282e-002 3.17170948e-001 2.29949400e-001
    -1.44922778e-001 7.50302449e-002 -3.48994955e-002 -2.16739073e-001
    2.60344101e-003 1.47946611e-001 2.29978353e-001 2.81214327e-001
    -3.62609029e-002 7.29689151e-002 3.46824713e-002 5.75179234e-002
    -2.65279740e-001 -7.23324716e-002 -2.82734841e-001 4.90894079e-001
    2.96549439e-001 -2.46143788e-001 -9.80608091e-002 -2.43240967e-001
    -1.19086213e-001 -2.90156424e-001 2.72506744e-001 1.80727001e-002
    1.10660801e-002 7.69315809e-002 2.26835176e-001 1.55136645e-001
    3.51353586e-001 1.65496305e-001 -2.12349162e-001 -4.97630119e-001
    7.69216269e-002 2.28263885e-002 1.52246997e-001 -1.49869934e-001
    3.48800644e-002 2.40380719e-001 -1.37017369e-001 -2.20132619e-001
    -1.91471010e-001 1.73273265e-001 9.07758400e-002 1.87776625e-001
    -4.03242052e-001 -1.54188618e-001</data></eigenvectors>
<eigenvalues type_id="opencv-matrix">
  <rows>7</rows>
  <cols>1</cols>
  <dt>f</dt>
  <data>
    1.75564221e+003 1.23465588e+003 9.98342102e+002 6.82870728e+002
    4.45488098e+002 3.44262695e+002 2.32218033e+002</data></eigenvalues>
</opencv_storage>
