<?xml version="1.0"?>
<opencv_storage>
<mean type_id="opencv-matrix">
  <rows>1</rows>
  <cols>22</cols>
  <dt>f</dt>
  <data>
    2.42669693e+002 3.06797485e+002 3.53528992e+002 2.98764709e+002
    3.96444397e+002 2.95067902e+002 4.58310608e+002 2.20523483e+002
    3.86207672e+002 1.97618958e+002 1.51119888e+002 2.35498062e+002
    1.29922958e+002 2.45915894e+002 1.23517342e+002 3.66842590e+002
    1.61064667e+002 3.72047119e+002 4.10204681e+002 3.95419678e+002
    4.87009064e+002 3.65504150e+002</data></mean>
<eigenvectors type_id="opencv-matrix">
  <rows>6</rows>
  <cols>22</cols>
  <dt>f</dt>
  <data>
    -2.09408533e-002 -1.84624351e-003 2.05458924e-001 2.46460885e-002
    2.73046076e-001 1.78517383e-002 -3.22760314e-001 -5.03787771e-002
    -3.44398081e-001 -1.66820467e-001 -1.31175369e-001 -2.97551602e-001
    4.74093109e-001 6.84341341e-002 -8.72788876e-002 3.82116973e-001
    -4.71891537e-002 -2.91948378e-001 -2.99928598e-002 1.77641571e-001
    3.11360098e-002 1.37856349e-001 -1.09465510e-001 -8.51377845e-002
    -4.08283062e-002 -1.35972217e-001 -1.63946077e-002 4.60225418e-002
    4.09075081e-001 -1.83484986e-001 3.60885084e-001 5.34950085e-002
    -2.90781587e-001 2.23373193e-002 1.42237559e-001 3.46219540e-002
    1.17079899e-001 4.32565898e-001 1.62638471e-001 -1.16388977e-001
    -3.56150776e-001 -8.17234591e-002 -3.78295124e-001 1.36648845e-002
    6.62432685e-002 4.23739478e-002 -9.18686669e-003 -1.44970536e-001
    6.44499063e-002 -1.96297854e-001 -1.50413319e-001 2.70355523e-001
    -1.03107765e-002 -1.84690699e-001 -4.92490768e-001 8.30637291e-002
    1.16764069e-001 -2.73886234e-001 5.17921150e-001 -1.72210619e-001
    -1.14199789e-002 3.09222251e-001 -1.60593763e-001 1.00794546e-001
    6.90374374e-002 1.66245490e-001 -1.77046731e-001 -1.93235606e-001
    1.07944943e-001 5.19675855e-003 1.52841181e-001 -4.52826805e-002
    4.94486233e-003 5.60425878e-001 1.15793668e-001 2.28428528e-001
    -1.11060709e-001 -2.94962943e-001 -5.72556145e-002 1.98077872e-001
    1.27038509e-001 1.42161071e-001 -2.83845872e-001 1.67438090e-002
    1.80816770e-001 -1.89426392e-001 -6.01747520e-002 -4.28122610e-001
    5.73054291e-002 5.24896868e-002 -2.25868717e-001 3.96501943e-002
    -2.33281121e-001 1.09191306e-001 8.84559471e-003 4.02467400e-001
    -8.37424770e-002 -2.13124096e-001 -2.40447819e-002 -1.20009586e-001
    -2.52863973e-001 -2.92513609e-001 -4.16768715e-002 3.40089232e-001
    5.20777524e-001 -2.30373845e-001 6.17762357e-002 -1.72554366e-002
    2.12773159e-001 -7.06118420e-002 -8.49214382e-003 2.39633955e-002
    -1.21550158e-001 -2.41121173e-001 -2.91986734e-001 -3.56341749e-001
    5.01458496e-002 2.60926247e-001 1.15356483e-001 6.60799891e-002
    -1.01901274e-002 2.80292243e-001 4.43959415e-001 4.26311344e-002
    -3.56002241e-001 7.31110945e-002 -1.38443202e-001 -6.32332712e-002
    7.64576793e-002 -2.93725193e-001 2.40742773e-001 2.07420453e-001</data></eigenvectors>
<eigenvalues type_id="opencv-matrix">
  <rows>6</rows>
  <cols>1</cols>
  <dt>f</dt>
  <data>
    1.84952478e+003 1.50105151e+003 7.94228516e+002 6.36727905e+002
    4.52398224e+002 4.02850464e+002</data></eigenvalues>
</opencv_storage>
