%YAML:1.0
mean: !!opencv-matrix
   rows: 1
   cols: 22
   dt: f
   data: [ 2.59120239e+002, 2.42494720e+002, 3.38852448e+002,
       3.44581451e+002, 3.60130188e+002, 3.76831665e+002,
       3.43790405e+002, 4.74683197e+002, 2.81415894e+002,
       4.36156982e+002, 1.58544128e+002, 2.41768631e+002,
       1.40747131e+002, 2.05493164e+002, 2.35294312e+002,
       1.21507538e+002, 2.61949280e+002, 1.44032486e+002,
       4.44447815e+002, 3.16756897e+002, 4.75708160e+002,
       3.95693298e+002 ]
eigenvectors: !!opencv-matrix
   rows: 5
   cols: 22
   dt: f
   data: [ -5.76452054e-002, -9.93202993e-005, 1.53703049e-001,
       1.28793478e-001, 1.78977802e-001, 2.42860422e-001,
       -2.83003986e-001, -2.48526856e-001, -2.39823997e-001,
       -2.31128395e-001, -3.02660435e-001, 1.55665576e-001,
       4.82414633e-001, 2.29515791e-001, 7.14003518e-002,
       -2.34366253e-001, -3.09794098e-001, 5.96635789e-003,
       2.05726400e-001, -5.38174585e-002, 1.00705609e-001,
       5.13637997e-003, 1.31350875e-001, 1.24508776e-001,
       3.41917351e-002, -1.34778559e-001, -2.76371092e-002,
       -5.94812073e-002, -5.29463254e-002, -3.19477171e-001,
       -1.85153723e-001, -2.12614715e-001, 1.33775279e-001,
       9.80480090e-002, -6.51236847e-002, -1.70879632e-001,
       -4.61154640e-001, 3.67784292e-001, -7.24249752e-003,
       -2.54897624e-001, 2.82348156e-001, 2.96365917e-001,
       2.17593268e-001, 2.65420586e-001, 6.22152537e-003,
       -1.50290132e-001, -1.29479006e-001, -1.12206824e-002,
       -1.39459118e-001, 1.43666580e-001, -9.42502692e-002,
       -2.02264011e-001, -4.06134397e-001, 6.02856725e-002,
       8.65308344e-002, -1.41604826e-001, -3.20726454e-001,
       3.85845602e-001, 2.50061065e-001, 1.83995947e-001,
       2.54598379e-001, 8.17438960e-002, 6.89903125e-002,
       -2.43316501e-001, 4.23644692e-001, -1.06838375e-001,
       1.96777299e-001, 5.27030751e-002, -5.81186041e-002,
       -2.25467235e-002, -8.59327689e-002, -1.29734024e-001,
       -3.41805995e-001, 3.87280464e-001, -9.77722630e-002,
       -2.31249928e-002, 4.65829194e-001, 4.26532887e-002,
       1.27471447e-001, 2.11176082e-001, -4.16755408e-001,
       -3.68202150e-001, 3.93388644e-002, 7.08958507e-002,
       1.90852080e-002, -3.94096598e-002, 1.51880339e-001,
       -1.81688726e-001, -2.19422653e-002, -2.06440389e-002,
       -3.22468787e-001, -1.18315674e-003, -4.76117313e-001,
       -2.08819117e-002, 2.21643567e-001, 2.95731268e-004,
       1.78966433e-001, -9.47225466e-002, -2.03156948e-001,
       7.55852927e-003, 3.59075904e-001, -1.67757068e-002,
       1.52911469e-002, -4.35176007e-002, 7.14637619e-003,
       -3.27621400e-003, -2.57531196e-001, 2.85050958e-001,
       4.99093920e-001, -9.19047222e-002 ]
eigenvalues: !!opencv-matrix
   rows: 5
   cols: 1
   dt: f
   data: [ 1.69186877e+003, 1.34069678e+003, 8.51004639e+002,
       7.59312500e+002, 4.34842468e+002 ]
