<?xml version="1.0"?>
<opencv_storage>
<mean type_id="opencv-matrix">
  <rows>1</rows>
  <cols>22</cols>
  <dt>f</dt>
  <data>
    2.59609192e+002 2.43182556e+002 3.38387787e+002 3.44048248e+002
    3.59411041e+002 3.75912750e+002 3.43266418e+002 4.72593842e+002
    2.81638092e+002 4.34528564e+002 1.60236038e+002 2.42465179e+002
    1.42651932e+002 2.06623505e+002 2.36068329e+002 1.23642380e+002
    2.62404358e+002 1.45897949e+002 4.42720123e+002 3.16556396e+002
    4.73606628e+002 3.94548676e+002</data></mean>
<eigenvectors type_id="opencv-matrix">
  <rows>5</rows>
  <cols>22</cols>
  <dt>f</dt>
  <data>
    -5.76734766e-002 -1.39369149e-004 1.53737113e-001 1.28824666e-001
    1.79027721e-001 2.42916793e-001 -2.82975584e-001 -2.48399377e-001
    -2.39843264e-001 -2.31031284e-001 -3.02765816e-001 1.55626923e-001
    4.82295245e-001 2.29438663e-001 7.13383108e-002 -2.34497130e-001
    -3.09827209e-001 5.84090268e-003 2.05845594e-001 -5.37980720e-002
    1.00841530e-001 5.21701109e-003 1.31390259e-001 1.24559484e-001
    3.41468677e-002 -1.34823784e-001 -2.77040657e-002 -5.95555529e-002
    -5.29722646e-002 -3.19633394e-001 -1.85131803e-001 -2.12729409e-001
    1.33912429e-001 9.80909839e-002 -6.50010929e-002 -1.70799986e-001
    -4.61098254e-001 3.67960095e-001 -7.19308434e-003 -2.54758894e-001
    2.82211423e-001 2.96354771e-001 2.17440858e-001 2.65334398e-001
    6.16443064e-003 -1.50380388e-001 -1.29412442e-001 -1.11494912e-002
    -1.39353827e-001 1.43779799e-001 -9.42195579e-002 -2.01973394e-001
    -4.06181157e-001 6.04924560e-002 8.63373280e-002 -1.41684800e-001
    -3.20959121e-001 3.85730326e-001 2.49964371e-001 1.83693498e-001
    2.54538208e-001 8.15236047e-002 6.92126676e-002 -2.43318111e-001
    4.23906654e-001 -1.06710352e-001 1.96817964e-001 5.27681448e-002
    -5.81539199e-002 -2.25885306e-002 -8.59923959e-002 -1.29814655e-001
    -3.41830194e-001 3.87134403e-001 -9.77208242e-002 -2.32533086e-002
    4.65955347e-001 4.27109525e-002 1.27638549e-001 2.11229712e-001
    -4.16727930e-001 -3.68049115e-001 3.93596850e-002 7.10258633e-002
    1.89466570e-002 -3.93941030e-002 1.51704326e-001 -1.81766868e-001
    2.22594198e-002 2.10791342e-002 3.22258025e-001 8.92175769e-004
    4.75737512e-001 2.03995258e-002 -2.21918359e-001 -1.55904389e-003
    -1.78778410e-001 9.38162133e-002 2.04291373e-001 -7.25540286e-003
    -3.58026177e-001 1.74308587e-002 -1.50080053e-002 4.47025448e-002
    -6.91136438e-003 4.32273746e-003 2.56553233e-001 -2.85098612e-001
    -5.00458062e-001 9.12705287e-002</data></eigenvectors>
<eigenvalues type_id="opencv-matrix">
  <rows>5</rows>
  <cols>1</cols>
  <dt>f</dt>
  <data>
    1.69185718e+003 1.34068713e+003 8.50993591e+002 7.59309570e+002
    4.34784515e+002</data></eigenvalues>
</opencv_storage>
